=======
1 2
0
0
1 3
0
0
1 4
0
0
1 5
0
0
1 6
0
0
1 7
0
0
1 8
0
0
1 9
0
0
1 10
0
0
1 11
0
0
1 12
0
0
1 13
0
0
1 14
0
0
1 15
0
0
1 16
0
0
1 17
0
0
1 18
0
0
1 19
0
0
1 20
0
0
1 21
0
0
1 22
0
0
1 23
0
0
1 24
0
0
1 25
0
0
1 26
0
0
1 27
0
0
1 28
0
0
1 29
0
0
1 30
0
0
2 4
1
1
2 6
1
1
2 7
1
1
2 8
1
1
2 10
1
1
2 12
1
1
2 14
1
1
2 16
1
1
2 17
1
1
2 18
1
1
2 19
1
1
2 20
1
1
2 21
1
1
2 22
1
1
2 23
1
1
2 24
1
1
2 25
1
1
2 26
1
1
2 27
1
1
2 28
1
1
2 29
1
1
2 30
1
1
3 4
0
0
3 5
0
0
3 6
0
0
3 9
0
0
3 12
0
0
3 15
0
0
3 16
0
0
3 17
0
0
3 18
0
0
3 19
0
0
3 20
0
0
3 21
0
0
3 22
0
0
3 23
0
0
3 24
0
0
3 25
0
0
3 26
0
0
3 27
0
0
3 28
0
0
3 29
0
0
3 30
0
0
4 6
3
3
4 8
3
3
4 12
3
3
4 16
3
3
4 17
3
3
4 18
3
3
4 19
3
3
4 20
3
3
4 21
3
3
4 22
3
3
4 23
3
3
4 24
3
3
4 25
3
3
4 26
3
3
4 27
3
3
4 28
3
3
4 29
3
3
4 30
3
3
5 10
0
0
5 15
0
0
5 16
0
0
5 17
0
0
5 18
0
0
5 19
0
0
5 20
0
0
5 21
0
0
5 22
0
0
5 23
0
0
5 24
0
0
5 25
0
0
5 26
0
0
5 27
0
0
5 28
0
0
5 29
0
0
5 30
0
0
6 12
3
3
6 16
3
3
6 17
3
3
6 18
3
3
6 19
3
3
6 20
3
3
6 21
3
3
6 22
3
3
6 23
3
3
6 24
3
3
6 25
3
3
6 26
3
3
6 27
3
3
6 28
3
3
6 29
3
3
6 30
3
3
7 14
1
1
7 16
1
1
7 17
1
1
7 18
1
1
7 19
1
1
7 20
1
1
7 21
1
1
7 22
1
1
7 23
1
1
7 24
1
1
7 25
1
1
7 26
1
1
7 27
1
1
7 28
1
1
7 29
1
1
7 30
1
1
8 16
7
7
8 17
7
7
8 18
7
7
8 19
7
7
8 20
7
7
8 21
7
7
8 22
7
7
8 23
7
7
8 24
7
7
8 25
7
7
8 26
7
7
8 27
7
7
8 28
7
7
8 29
7
7
8 30
7
7
9 16
6
6
9 17
6
6
9 18
6
6
9 19
6
6
9 20
6
6
9 21
6
6
9 22
6
6
9 23
6
6
9 24
6
6
9 25
6
6
9 26
6
6
9 27
6
6
9 28
6
6
9 29
6
6
9 30
6
6
10 16
5
5
10 17
5
5
10 18
5
5
10 19
5
5
10 20
5
5
10 21
5
5
10 22
5
5
10 23
5
5
10 24
5
5
10 25
5
5
10 26
5
5
10 27
5
5
10 28
5
5
10 29
5
5
10 30
5
5
11 16
4
4
11 17
4
4
11 18
4
4
11 19
4
4
11 20
4
4
11 21
4
4
11 22
4
4
11 23
4
4
11 24
4
4
11 25
4
4
11 26
4
4
11 27
4
4
11 28
4
4
11 29
4
4
11 30
4
4
12 16
3
3
12 17
3
3
12 18
3
3
12 19
3
3
12 20
3
3
12 21
3
3
12 22
3
3
12 23
3
3
12 24
3
3
12 25
3
3
12 26
3
3
12 27
3
3
12 28
3
3
12 29
3
3
12 30
3
3
13 16
2
2
13 17
2
2
13 18
2
2
13 19
2
2
13 20
2
2
13 21
2
2
13 22
2
2
13 23
2
2
13 24
2
2
13 25
2
2
13 26
2
2
13 27
2
2
13 28
2
2
13 29
2
2
13 30
2
2
14 16
1
1
14 17
1
1
14 18
1
1
14 19
1
1
14 20
1
1
14 21
1
1
14 22
1
1
14 23
1
1
14 24
1
1
14 25
1
1
14 26
1
1
14 27
1
1
14 28
1
1
14 29
1
1
14 30
1
1
15 16
0
0
15 17
0
0
15 18
0
0
15 19
0
0
15 20
0
0
15 21
0
0
15 22
0
0
15 23
0
0
15 24
0
0
15 25
0
0
15 26
0
0
15 27
0
0
15 28
0
0
15 29
0
0
15 30
0
0
16 17
15
15
16 18
15
15
16 19
15
15
16 20
15
15
16 21
15
15
16 22
15
15
16 23
15
15
16 24
15
15
16 25
15
15
16 26
15
15
16 27
15
15
16 28
15
15
16 29
15
15
16 30
15
15
17 18
15
15
17 19
15
15
17 20
15
15
17 21
15
15
17 22
15
15
17 23
15
15
17 24
15
15
17 25
15
15
17 26
15
15
17 27
15
15
17 28
15
15
17 29
15
15
17 30
15
15
18 19
15
15
18 20
15
15
18 21
15
15
18 22
15
15
18 23
15
15
18 24
15
15
18 25
15
15
18 26
15
15
18 27
15
15
18 28
15
15
18 29
15
15
18 30
15
15
19 20
15
15
19 21
15
15
19 22
15
15
19 23
15
15
19 24
15
15
19 25
15
15
19 26
15
15
19 27
15
15
19 28
15
15
19 29
15
15
19 30
15
15
20 21
15
15
20 22
15
15
20 23
15
15
20 24
15
15
20 25
15
15
20 26
15
15
20 27
15
15
20 28
15
15
20 29
15
15
20 30
15
15
21 22
15
15
21 23
15
15
21 24
15
15
21 25
15
15
21 26
15
15
21 27
15
15
21 28
15
15
21 29
15
15
21 30
15
15
22 23
15
15
22 24
15
15
22 25
15
15
22 26
15
15
22 27
15
15
22 28
15
15
22 29
15
15
22 30
15
15
23 24
15
15
23 25
15
15
23 26
15
15
23 27
15
15
23 28
15
15
23 29
15
15
23 30
15
15
24 25
15
15
24 26
15
15
24 27
15
15
24 28
15
15
24 29
15
15
24 30
15
15
25 26
15
15
25 27
15
15
25 28
15
15
25 29
15
15
25 30
15
15
26 27
15
15
26 28
15
15
26 29
15
15
26 30
15
15
27 28
15
15
27 29
15
15
27 30
15
15
28 29
15
15
28 30
15
15
29 30
15
15
=======
1 2
0
0
1 3
0
0
1 4
0
0
1 5
0
0
1 6
0
0
1 7
0
0
1 8
0
0
1 9
0
0
1 10
0
0
1 11
0
0
1 12
0
0
1 13
0
0
1 14
0
0
1 15
0
0
1 16
0
0
1 17
0
0
1 18
0
0
1 19
0
0
1 20
0
0
2 3
0
0
2 4
0
0
2 5
0
0
2 6
0
0
2 7
0
0
2 8
0
0
2 10
0
0
2 11
0
0
2 12
0
0
2 13
0
0
2 14
0
0
2 15
0
0
2 16
0
0
2 18
0
0
2 20
0
0
3 5
0
0
3 6
0
0
3 8
0
0
3 9
0
0
3 10
0
0
3 12
0
0
3 15
0
0
3 18
0
0
4 7
2
2
4 8
2
2
4 12
2
2
4 14
2
2
4 16
2
2
4 20
2
2
5 6
0
0
5 10
0
0
5 15
0
0
5 20
0
0
6 8
0
0
6 10
0
0
6 12
0
0
6 15
0
0
6 18
0
0
7 14
2
2
8 12
6
6
8 16
6
6
9 18
3
3
10 15
0
0
10 20
0
0
